0000 0001 4275 6431 0000 2000 0000 0800
0000 2000 0000 100c 0000 0000 0000 0000
0000 0000 0000 0000 0000 0000 0000 0800
0000 0800 0000 0000 0000 0000 0000 0000
0000 0000 0000 0002 0000 0000 0000 0029
0000 0001 0000 1000 0072 0074 0073 002e
0073 0063 0000 0000 0000 0000 0000 0000
0000 0000 0000 0000 0000 0000 0000 0000
0000 0000 0000 0000 0000 0000 0000 0000
0000 0000 0000 0000 0000 0000 0000 0000
0000 0000 0000 0000 0000 0000 0000 0000
0000 0000 0000 0000 0000 0000 0000 0000
0000 0000 0000 0000 0000 0000 0000 0000
0000 0000 0000 0000 0000 0000 0000 0000
0000 0000 0000 0000 0000 0000 0000 0000
0000 0000 0000 0000 0000 0000 0000 0000
0000 0000 0000 0000 0000 0000 0000 0000
0000 0000 0000 0000 0000 0000 0000 0000
0000 0000 0000 0000 0000 0000 0000 0000
0000 0000 0000 0000 0000 0000 0000 0000
0000 0000 0000 0000 0000 0000 0000 0000
0000 0000 0000 0000 0000 0000 0000 0000
0000 0000 0000 0000 0000 0000 0000 0000
0000 0000 0000 0000 0000 0000 0000 0000
0000 0000 0000 0000 0000 0000 0000 0000
0000 0000 0000 0000 0000 0000 0000 0000
0000 0000 0000 0000 0000 0000 0000 0000
0000 0000 0000 0000 0000 0000 0000 0000
0000 0000 0000 0000 0000 0000 0000 0000
0000 0000 0000 0000 0000 0000 0000 0000
0000 0000 0000 0000 0000 0000 0000 0000
0000 0000 0000 0000 0000 0000 0000 0000
0000 0000 0000 0000 0000 0000 0000 0000
0000 0000 0000 0000 0000 0000 0000 0000
0000 0000 0000 0000 0000 0000 0000 0000
0000 0000 0000 0000 0000 0000 0000 0000
0000 0000 0000 0000 0000 0000 0000 0000
0000 0000 0000 0000 0000 0000 0000 0000
0000 0000 0000 0000 0000 0000 0000 0000
0000 0000 0000 0000 0000 0000 0000 0000
0000 0000 0000 0000 0000 0000 0000 0000
0000 0000 0000 0000 0000 0000 0000 0000
0000 0000 0000 0000 0000 0000 0000 0000
0000 0000 0000 0000 0000 0000 0000 0000
0000 0000 0000 0000 0000 0000 0000 0000
0000 0000 0000 0000 0000 0000 0000 0000
0000 0000 0000 0000 0000 0000 0000 0000
0000 0000 0000 0000 0000 0000 0000 0000
0000 0000 0000 0000 0000 0000 0000 0000
0000 0000 0000 0000 0000 0000 0000 0000
0000 0000 0000 0000 0000 0000 0000 0000
0000 0000 0000 0000 0000 0000 0000 0000
0000 0000 0000 0000 0000 0000 0000 0000
0000 0000 0000 0000 0000 0000 0000 0000
0000 0000 0000 0000 0000 0000 0000 0000
0000 0000 0000 0000 0000 0000 0000 0000
0000 0000 0000 0000 0000 0000 0000 0000
0000 0000 0000 0000 0000 0000 0000 0000
0000 0000 0000 0000 0000 0000 0000 0000
0000 0000 0000 0000 0000 0000 0000 0000
0000 0000 0000 0000 0000 0000 0000 0000
0000 0000 0000 0000 0000 0000 0000 0000
0000 0000 0000 0000 0000 0000 0000 0000
0000 0000 0000 0000 0000 0000 0000 0000
0000 0000 0000 0000 0000 0000 0000 0000
0000 0000 0000 0000 0000 0000 0000 0000
0000 0000 0000 0000 0000 0000 0000 0000
0000 0000 0000 0000 0000 0000 0000 0000
0000 0000 0000 0000 0000 0000 0000 0000
0000 0000 0000 0000 0000 0000 0000 0000
0000 0000 0000 0000 0000 0000 0000 0000
0000 0000 0000 0000 0000 0000 0000 0000
0000 0000 0000 0000 0000 0000 0000 0000
0000 0000 0000 0000 0000 0000 0000 0000
0000 0000 0000 0000 0000 0000 0000 0000
0000 0000 0000 0000 0000 0000 0000 0000
0000 0000 0000 0000 0000 0000 0000 0000
0000 0000 0000 0000 0000 0000 0000 0000
0000 0000 0000 0000 0000 0000 0000 0000
0000 0000 0000 0000 0000 0000 0000 0000
0000 0000 0000 0000 0000 0000 0000 0000
0000 0000 0000 0000 0000 0000 0000 0000
0000 0000 0000 0000 0000 0000 0000 0000
0000 0000 0000 0000 0000 0000 0000 0000
0000 0000 0000 0000 0000 0000 0000 0000
0000 0000 0000 0000 0000 0000 0000 0000
0000 0000 0000 0000 0000 0000 0000 0000
0000 0000 0000 0000 0000 0000 0000 0000
0000 0000 0000 0000 0000 0000 0000 0000
0000 0000 0000 0000 0000 0000 0000 0000
0000 0000 0000 0000 0000 0000 0000 0000
0000 0000 0000 0000 0000 0000 0000 0000
0000 0000 0000 0000 0000 0000 0000 0000
0000 0000 0000 0000 0000 0000 0000 0000
0000 0000 0000 0000 0000 0000 0000 0000
0000 0000 0000 0000 0000 0000 0000 0000
0000 0000 0000 0000 0000 0000 0000 0000
0000 0000 0000 0000 0000 0000 0000 0000
0000 0000 0000 0000 0000 0000 0000 0000
0000 0000 0000 0000 0000 0000 0000 0000
0000 0000 0000 0000 0000 0000 0000 0000
0000 0000 0000 0000 0000 0000 0000 0000
0000 0000 0000 0000 0000 0000 0000 0000
0000 0000 0000 0000 0000 0000 0000 0000
0000 0000 0000 0000 0000 0000 0000 0000
0000 0000 0000 0000 0000 0000 0000 0000
0000 0000 0000 0000 0000 0000 0000 0000
0000 0000 0000 0000 0000 0000 0000 0000
0000 0000 0000 0000 0000 0000 0000 0000
0000 0000 0000 0000 0000 0000 0000 0000
0000 0000 0000 0000 0000 0000 0000 0000
0000 0000 0000 0000 0000 0000 0000 0000
0000 0000 0000 0000 0000 0000 0000 0000
0000 0000 0000 0000 0000 0000 0000 0000
0000 0000 0000 0000 0000 0000 0000 0000
0000 0000 0000 0000 0000 0000 0000 0000
0000 0000 0000 0000 0000 0000 0000 0000
0000 0000 0000 0000 0000 0000 0000 0000
0000 0000 0000 0000 0000 0000 0000 0000
0000 0000 0000 0000 0000 0000 0000 0000
0000 0000 0000 0000 0000 0000 0000 0000
0000 0000 0000 0000 0000 0000 0000 0000
0000 0000 0000 0000 0000 0000 0000 0000
0000 0000 0000 0000 0000 0000 0000 0000
0000 0000 0000 0000 0000 0000 0000 0000
0000 0000 0000 0000 0000 0000 0000 0000
0000 0000 0000 0000 0000 0000 0000 0000
0000 0000 0000 0000 0000 0000 0000 0000
0000 0000 0000 0001 0000 0000 0000 080b
0000 0000 0000 0000 0000 0000 0000 0000
0000 0000 0000 0000 0000 0000 0000 0000
0000 0000 0000 0000 0000 0000 0000 0000
0000 0000 0000 0000 0000 0000 0000 0000
0000 0000 0000 0000 0000 0000 0000 0000
0000 0000 0000 0000 0000 0000 0000 0000
0000 0000 0000 0000 0000 0000 0000 0000
0000 0000 0000 0000 0000 0000 0000 0000
0000 0000 0000 0000 0000 0000 0000 0000
0000 0000 0000 0000 0000 0000 0000 0000
0000 0000 0000 0000 0000 0000 0000 0000
0000 0000 0000 0000 0000 0000 0000 0000
0000 0000 0000 0000 0000 0000 0000 0000
0000 0000 0000 0000 0000 0000 0000 0000
0000 0000 0000 0000 0000 0000 0000 0000
0000 0000 0000 0000 0000 0000 0000 0000
0000 0000 0000 0000 0000 0000 0000 0000
0000 0000 0000 0000 0000 0000 0000 0000
0000 0000 0000 0000 0000 0000 0000 0000
0000 0000 0000 0000 0000 0000 0000 0000
0000 0000 0000 0000 0000 0000 0000 0000
0000 0000 0000 0000 0000 0000 0000 0000
0000 0000 0000 0000 0000 0000 0000 0000
0000 0000 0000 0000 0000 0000 0000 0000
0000 0000 0000 0000 0000 0000 0000 0000
0000 0000 0000 0000 0000 0000 0000 0000
0000 0000 0000 0000 0000 0000 0000 0000
0000 0000 0000 0000 0000 0000 0000 0000
0000 0000 0000 0000 0000 0000 0000 0000
0000 0000 0000 0000 0000 0000 0000 0000
0000 0000 0000 0000 0000 0000 0000 0000
0000 0000 0000 0000 0000 0000 0000 0000
0000 0000 0000 0000 0000 0000 0000 0000
0000 0000 0000 0000 0000 0000 0000 0000
0000 0000 0000 0000 0000 0000 0000 0000
0000 0000 0000 0000 0000 0000 0000 0000
0000 0000 0000 0000 0000 0000 0000 0000
0000 0000 0000 0000 0000 0000 0000 0000
0000 0000 0000 0000 0000 0000 0000 0000
0000 0000 0000 0000 0000 0000 0000 0000
0000 0000 0000 0000 0000 0000 0000 0000
0000 0000 0000 0000 0000 0000 0000 0000
0000 0000 0000 0000 0000 0000 0000 0000
0000 0000 0000 0000 0000 0000 0000 0000
0000 0000 0000 0000 0000 0000 0000 0000
0000 0000 0000 0000 0000 0000 0000 0000
0000 0000 0000 0000 0000 0000 0000 0000
0000 0000 0000 0000 0000 0000 0000 0000
0000 0000 0000 0000 0000 0000 0000 0000
0000 0000 0000 0000 0000 0000 0000 0000
0000 0000 0000 0000 0000 0000 0000 0000
0000 0000 0000 0000 0000 0000 0000 0000
0000 0000 0000 0000 0000 0000 0000 0000
0000 0000 0000 0000 0000 0000 0000 0000
0000 0000 0000 0000 0000 0000 0000 0000
0000 0000 0000 0000 0000 0000 0000 0000
0000 0000 0000 0000 0000 0000 0000 0000
0000 0000 0000 0000 0000 0000 0000 0000
0000 0000 0000 0000 0000 0000 0000 0000
0000 0000 0000 0000 0000 0000 0000 0000
0000 0000 0000 0000 0000 0000 0000 0000
0000 0000 0000 0000 0000 0000 0000 0000
0000 0000 0000 0000 0000 0000 0000 0000
0000 0000 0000 0000 0000 0000 0000 0000
0000 0000 0000 0000 0000 0000 0000 0000
0000 0000 0000 0001 0000 0020 0000 0001
0000 0040 0000 0001 0000 0080 0000 0001
0000 0100 0000 0001 0000 0200 0000 0001
0000 0400 0000 0000 0000 0001 0000 1000
0000 0001 0000 2000 0000 0001 0000 4000
0000 0001 0000 8000 0000 0001 0001 0000
0000 0001 0002 0000 0000 0001 0004 0000
0000 0001 0008 0000 0000 0001 0010 0000
0000 0001 0020 0000 0000 0001 0040 0000
0000 0001 0080 0000 0000 0001 0100 0000
0000 0001 0200 0000 0000 0001 0400 0000
0000 0001 0800 0000 0000 0001 1000 0000
0000 0001 2000 0000 0000 0001 4000 0000
0000 0000 0000 0000 0000 0000 0000 0000
0000 0000 0000 0000 0000 0000 0000 0000
0000 0000 0000 0000 0000 0000 0000 0000
0000 0000 0000 0000 0000 0000 0000 0000
0000 0000 0000 0000 0000 0000 0000 0000
0000 0000 0000 0000 0000 0000 0000 0000
0000 0000 0000 0000 0000 0000 0000 0000
0000 0000 0000 0000 0000 0000 0000 0000
0000 0000 0000 0000 0000 0000 0000 0000
0000 0000 0000 0000 0000 0000 0000 0000
0000 0000 0000 0000 0000 0000 0000 0000
0000 0000 0000 0000 0000 0000 0000 0000
0000 0000 0000 0000 0000 0000 0000 0000
0000 0000 0000 0000 0000 0000 0000 0000
0000 0000 0000 0000 0000 0000 0000 0000
0000 0000 0000 0000 0000 0000 0000 0000
0000 0000 0000 0000 0000 0000 0000 0000
0000 0000 0000 0000 0000 0000 0000 0000
0000 0000 0000 0000 0000 0000 0000 0000
0000 0000 0000 0000 0000 0000 0000 0000
0000 0000 0000 0000 0000 0000 0000 0000
0000 0000 0000 0000 0000 0000 0000 0000
0000 0000 0000 0000 0000 0000 0000 0000
0000 0000 0000 0000 0000 0000 0000 0000
0000 0000 0000 0000 0000 0000 0000 0000
0000 0000 0000 0000 0000 0000 0000 0000
0000 0000 0000 0000 0000 0000 0000 0000
0000 0000 0000 0000 0000 0000 0000 0000
0000 0000 0000 0000 0000 0000 0000 0000
0000 0000 0000 0000 0000 0000 0000 0000
0000 0000 0000 0000 0000 0000 0000 0000
0000 0000 0000 0000 0000 0000 0000 0000
0000 0000 0000 0000 0000 0000 0000 0000
0000 0000 0000 0000 0000 0000 0000 0000
0000 0000 0000 0000 0000 0000 0000 0000
0000 0000 0000 0000 0000 0000 0000 0000
0000 0000 0000 0000 0000 0000 0000 0000
0000 0000 0000 0000 0000 0000 0000 0000
0000 0000 0000 0000 0000 0000 0000 0000
0000 0000 0000 0000 0000 0000 0000 0000
0000 0000 0000 0000 0000 0000 0000 0000
0000 0000 0000 0000 0000 0000 0000 0000
0000 0000 0000 0000 0000 0000 0000 0000
0000 0000 0000 0000 0000 0000 0000 0000
0000 0000 0000 0000 0000 0000 0000 0000
0000 0000 0000 0000 0000 0000 0000 0000
0000 0000 0000 0000 0000 0000 0000 0000
0000 0000 0000 0000 0000 0000 0000 0000
0000 0000 0000 0000 0000 0000 0000 0000
0000 0000 0000 0000 0000 0029 0000 000c
005f 0061 006c 0065 0072 0074 0073 002e
0073 0063 0073 0073 496c 6f63 626c 6f62
0000 0010 0000 0046 0000 0028 ffff ffff
ffff 0000 0000 000c 005f 0062 0061 0064
0067 0065 0073 002e 0073 0063 0073 0073
496c 6f63 626c 6f62 0000 0010 0000 00cc
0000 0028 ffff ffff ffff 0000 0000 0011
005f 0062 0072 0065 0061 0064 0063 0072
0075 006d 0062 0073 002e 0073 0063 0073
0073 496c 6f63 626c 6f62 0000 0010 0000
0152 0000 0028 ffff ffff ffff 0000 0000
0013 005f 0062 0075 0074 0074 006f 006e
002d 0067 0072 006f 0075 0070 0073 002e
0073 0063 0073 0073 496c 6f63 626c 6f62
0000 0010 0000 01d8 0000 0028 ffff ffff
ffff 0000 0000 000d 005f 0062 0075 0074
0074 006f 006e 0073 002e 0073 0063 0073
0073 496c 6f63 626c 6f62 0000 0010 0000
025e 0000 0028 ffff ffff ffff 0000 0000
000e 005f 0063 0061 0072 006f 0075 0073
0065 006c 002e 0073 0063 0073 0073 496c
6f63 626c 6f62 0000 0010 0000 0046 0000
0098 ffff ffff ffff 0000 0000 000b 005f
0063 006c 006f 0073 0065 002e 0073 0063
0073 0073 496c 6f63 626c 6f62 0000 0010
0000 00cc 0000 0098 ffff ffff ffff 0000
0000 000a 005f 0063 006f 0064 0065 002e
0073 0063 0073 0073 496c 6f63 626c 6f62
0000 0010 0000 0152 0000 0098 ffff ffff
ffff 0000 0000 001a 005f 0063 006f 006d
0070 006f 006e 0065 006e 0074 002d 0061
006e 0069 006d 0061 0074 0069 006f 006e
0073 002e 0073 0063 0073 0073 496c 6f63
626c 6f62 0000 0010 0000 01d8 0000 0098
ffff ffff ffff 0000 0000 000f 005f 0064
0072 006f 0070 0064 006f 0077 006e 0073
002e 0073 0063 0073 0073 496c 6f63 626c
6f62 0000 0010 0000 025e 0000 0098 ffff
ffff ffff 0000 0000 000b 005f 0066 006f
0072 006d 0073 002e 0073 0063 0073 0073
496c 6f63 626c 6f62 0000 0010 0000 0046
0000 0108 ffff ffff ffff 0000 0000 0010
005f 0067 006c 0079 0070 0068 0069 0063
006f 006e 0073 002e 0073 0063 0073 0073
496c 6f63 626c 6f62 0000 0010 0000 00cc
0000 0108 ffff ffff ffff 0000 0000 000a
005f 0067 0072 0069 0064 002e 0073 0063
0073 0073 496c 6f63 626c 6f62 0000 0010
0000 0152 0000 0108 ffff ffff ffff 0000
0000 0012 005f 0069 006e 0070 0075 0074
002d 0067 0072 006f 0075 0070 0073 002e
0073 0063 0073 0073 496c 6f63 626c 6f62
0000 0010 0000 01d8 0000 0108 ffff ffff
ffff 0000 0000 000f 005f 006a 0075 006d
0062 006f 0074 0072 006f 006e 002e 0073
0063 0073 0073 496c 6f63 626c 6f62 0000
0010 0000 025e 0000 0108 ffff ffff ffff
0000 0000 000c 005f 006c 0061 0062 0065
006c 0073 002e 0073 0063 0073 0073 496c
6f63 626c 6f62 0000 0010 0000 0046 0000
0178 ffff ffff ffff 0000 0000 0010 005f
006c 0069 0073 0074 002d 0067 0072 006f
0075 0070 002e 0073 0063 0073 0073 496c
6f63 626c 6f62 0000 0010 0000 00cc 0000
0178 ffff ffff ffff 0000 0000 000b 005f
006d 0065 0064 0069 0061 002e 0073 0063
0073 0073 496c 6f63 626c 6f62 0000 0010
0000 0152 0000 0178 ffff ffff ffff 0000
0000 000c 005f 006d 0069 0078 0069 006e
0073 002e 0073 0063 0073 0073 496c 6f63
626c 6f62 0000 0010 0000 01d8 0000 0178
ffff ffff ffff 0000 0000 000c 005f 006d
006f 0064 0061 006c 0073 002e 0073 0063
0073 0073 496c 6f63 626c 6f62 0000 0010
0000 025e 0000 0178 ffff ffff ffff 0000
0000 000c 005f 006e 0061 0076 0062 0061
0072 002e 0073 0063 0073 0073 496c 6f63
626c 6f62 0000 0010 0000 0046 0000 01e8
ffff ffff ffff 0000 0000 000a 005f 006e
0061 0076 0073 002e 0073 0063 0073 0073
496c 6f63 626c 6f62 0000 0010 0000 00cc
0000 01e8 ffff ffff ffff 0000 0000 000f
005f 006e 006f 0072 006d 0061 006c 0069
007a 0065 002e 0073 0063 0073 0073 496c
6f63 626c 6f62 0000 0010 0000 0152 0000
01e8 ffff ffff ffff 0000 0000 000b 005f
0070 0061 0067 0065 0072 002e 0073 0063
0073 0073 496c 6f63 626c 6f62 0000 0010
0000 01d8 0000 01e8 ffff ffff ffff 0000
0000 0010 005f 0070 0061 0067 0069 006e
0061 0074 0069 006f 006e 002e 0073 0063
0073 0073 496c 6f63 626c 6f62 0000 0010
0000 025e 0000 01e8 ffff ffff ffff 0000
0000 000c 005f 0070 0061 006e 0065 006c
0073 002e 0073 0063 0073 0073 496c 6f63
626c 6f62 0000 0010 0000 0046 0000 0258
ffff ffff ffff 0000 0000 000e 005f 0070
006f 0070 006f 0076 0065 0072 0073 002e
0073 0063 0073 0073 496c 6f63 626c 6f62
0000 0010 0000 00cc 0000 0258 ffff ffff
ffff 0000 0000 000b 005f 0070 0072 0069
006e 0074 002e 0073 0063 0073 0073 496c
6f63 626c 6f62 0000 0010 0000 0152 0000
0258 ffff ffff ffff 0000 0000 0013 005f
0070 0072 006f 0067 0072 0065 0073 0073
002d 0062 0061 0072 0073 002e 0073 0063
0073 0073 496c 6f63 626c 6f62 0000 0010
0000 01d8 0000 0258 ffff ffff ffff 0000
0000 0016 005f 0072 0065 0073 0070 006f
006e 0073 0069 0076 0065 002d 0065 006d
0062 0065 0064 002e 0073 0063 0073 0073
496c 6f63 626c 6f62 0000 0010 0000 025e
0000 0258 ffff ffff ffff 0000 0000 001a
005f 0072 0065 0073 0070 006f 006e 0073
0069 0076 0065 002d 0075 0074 0069 006c
0069 0074 0069 0065 0073 002e 0073 0063
0073 0073 496c 6f63 626c 6f62 0000 0010
0000 0046 0000 02c8 ffff ffff ffff 0000
0000 0011 005f 0073 0063 0061 0066 0066
006f 006c 0064 0069 006e 0067 002e 0073
0063 0073 0073 496c 6f63 626c 6f62 0000
0010 0000 00cc 0000 02c8 ffff ffff ffff
0000 0000 000c 005f 0074 0061 0062 006c
0065 0073 002e 0073 0063 0073 0073 496c
6f63 626c 6f62 0000 0010 0000 0152 0000
02c8 ffff ffff ffff 0000 0000 000b 005f
0074 0068 0065 006d 0065 002e 0073 0063
0073 0073 496c 6f63 626c 6f62 0000 0010
0000 01d8 0000 02c8 ffff ffff ffff 0000
0000 0010 005f 0074 0068 0075 006d 0062
006e 0061 0069 006c 0073 002e 0073 0063
0073 0073 496c 6f63 626c 6f62 0000 0010
0000 025e 0000 02c8 ffff ffff ffff 0000
0000 000d 005f 0074 006f 006f 006c 0074
0069 0070 002e 0073 0063 0073 0073 496c
6f63 626c 6f62 0000 0010 0000 0046 0000
0338 ffff ffff ffff 0000 0000 000a 005f
0074 0079 0070 0065 002e 0073 0063 0073
0073 496c 6f63 626c 6f62 0000 0010 0000
00cc 0000 0338 ffff ffff ffff 0000 0000
000f 005f 0075 0074 0069 006c 0069 0074
0069 0065 0073 002e 0073 0063 0073 0073
496c 6f63 626c 6f62 0000 0010 0000 0152
0000 0338 ffff ffff ffff 0000 0000 000f
005f 0076 0061 0072 0069 0061 0062 006c
0065 0073 002e 0073 0063 0073 0073 496c
6f63 626c 6f62 0000 0010 0000 01d8 0000
0338 ffff ffff ffff 0000 0000 000b 005f
0077 0065 006c 006c 0073 002e 0073 0063
0073 0073 496c 6f63 626c 6f62 0000 0010
0000 025e 0000 0338 ffff ffff ffff 0000
0000 0006 006d 0069 0078 0069 006e 0073
496c 6f63 626c 6f62 0000 0010 0000 0046
0000 03a8 ffff ffff ffff 0000 0000 0000
0000 0000 0000 0000 0000 0000 0000 0000
0000 0000 0000 0000 0000 0000 0000 0000
0000 0000 0000 0000 0000 0000 0000 0000
0000 0000 0000 0000 0000 0000 0000 0000
0000 0000 0000 0000 0000 0000 0000 0000
0000 0000 0000 0000 0000 0000 0000 0000
0000 0000 0000 0000 0000 0000 0000 0000
0000 0000 0000 0000 0000 0000 0000 0000
0000 0000 0000 0000 0000 0000 0000 0000
0000 0000 0000 0000 0000 0000 0000 0000
0000 0000 0000 0000 0000 0000 0000 0000
0000 0000 0000 0000 0000 0000 0000 0000
0000 0000 0000 0000 0000 0000 0000 0000
0000 0000 0000 0000 0000 0000 0000 0000
0000 0000 0000 0000 0000 0000 0000 0000
0000 0000 0000 0000 0000 0000 0000 0000
0000 0000 0000 0000 0000 0000 0000 0000
0000 0000 0000 0000 0000 0000 0000 0000
0000 0000 0000 0000 0000 0000 0000 0000
0000 0000 0000 0000 0000 0000 0000 0000
0000 0000 0000 0000 0000 0000 0000 0000
0000 0000 0000 0000 0000 0000 0000 0000
0000 0000 0000 0000 0000 0000 0000 0000
0000 0000 0000 0000 0000 0000 0000 0000
0000 0000 0000 0000 0000 0000 0000 0000
0000 0000 0000 0000 0000 0000 0000 0000
0000 0000 0000 0000 0000 0000 0000 0000
0000 0000 0000 0000 0000 0000 0000 0000
0000 0000 0000 0000 0000 0000 0000 0000
0000 0000 0000 0000 0000 0000 0000 0000
0000 0000 0000 0000 0000 0000 0000 0000
0000 0000 0000 0000 0000 0000 0000 0000
0000 0000 0000 0000 0000 0000 0000 0000
0000 0000 0000 0000 0000 0000 0000 0000
0000 0000 0000 0000 0000 0000 0000 0000
0000 0000 0000 0000 0000 0000 0000 0000
0000 0000 0000 0000 0000 0000 0000 0000
0000 0000 0000 0000 0000 0000 0000 0000
0000 0000 0000 0000 0000 0000 0000 0000
0000 0000 0000 0000 0000 0000 0000 0000
0000 0000 0000 0000 0000 0000 0000 0000
0000 0000 0000 0000 0000 0000 0000 0000
0000 0000 0000 0000 0000 0000 0000 0000
0000 0000 0000 0000 0000 0000 0000 0000
0000 0000 0000 0000 0000 0000 0000 0000
0000 0000 0000 0000 0000 0000 0000 0000
0000 0000 0000 0000 0000 0000 0000 0000
0000 0000 0000 0000 0000 0000 0000 0000
0000 0000 0000 0000 0000 0000 0000 0000
0000 0000 0000 0000 0000 0000 0000 0000
0000 0000 0000 0000 0000 0000 0000 0000
0000 0000 0000 0000 0000 0000 0000 0000
0000 0000 0000 0000 0000 0000 0000 0000
0000 0000 0000 0000 0000 0000 0000 0000
0000 0000 0000 0000 0000 0000 0000 0000
0000 0000 0000 0000 0000 0000 0000 0000
0000 0000 0000 0000 0000 0000 0000 0000
0000 0000 0000 0000 0000 0000 0000 0000
0000 0000 0000 0000 0000 0000 0000 0000
0000 0000 0000 0000 0000 0000 0000 0000
0000 0000 0000 0000 0000 0000 0000 0000
0000 0000 0000 0000 0000 0000 0000 0000
0000 0000 0000 0000 0000 0000 0000 0000
0000 0000 0000 0000 0000 0000 0000 0000
0000 0000 0000 0000 0000 0000 0000 0000
0000 0000 0000 0000 0000 0000 0000 0000
0000 0000 0000 0000 0000 0000 0000 0000
0000 0000 0000 0000 0000 0000 0000 0000
0000 0000 0000 0000 0000 0000 0000 0000
0000 0000 0000 0000 0000 0000 0000 0000
0000 0000 0000 0000 0000 0000 0000 0000
0000 0000 0000 0000 0000 0000 0000 0000
0000 0000 0000 0000 0000 0000 0000 0000
0000 0000 0000 0000 0000 0000 0000 0000
0000 0000 0000 0000 0000 0000 0000 0000
0000 0000 0000 0000 0000 0000 0000 0000
0000 0000 0000 0000 0000 0000 0000 0000
0000 0000 0000 0000 0000 0000 0000 0000
0000 0000 0000 0000 0000 0000 0000 0000
0000 0000 0000 0000 0000 0000 0000 0000
0000 0000 0000 0000 0000 0000 0000 0000
0000 0000 0000 0000 0000 0000 0000 0000
0000 0000 0000 0000 0000 0000 0000 0000
0000 0000 0000 0000 0000 0000 0000 0000
0000 0000 0000 0000 0000 0000 0000 0000
0000 0000 0000 0000 0000 0000 0000 0000
0000 0000 0000 0000 0000 0000 0000 0000
0000 0000 0000 0000 0000 0000 0000 0000
0000 0000 0000 0000 0000 0000 0000 0000
0000 0000 0000 0000 0000 0000 0000 0000
0000 0000 0000 0000 0000 0000 0000 0000
0000 0000 0000 0000 0000 0000 0000 0000
0000 0000 0000 0000 0000 0000 0000 0000
0000 0000 0000 0000 0000 0000 0000 0000
0000 0000 0000 0000 0000 0000 0000 0000
0000 0000 0000 0000 0000 0000 0000 0000
0000 0000 0000 0000 0000 0000 0000 0000
0000 0000 0000 0000 0000 0000 0000 0000
0000 0000 0000 0000 0000 0000 0000 0000
0000 0000 0000 0000 0000 0000 0000 0000
0000 0000 0000 0000 0000 0000 0000 0000
0000 0000 0000 0003 0000 0000 0000 200b
0000 0045 0000 100c 0000 0000 0000 0000
0000 0000 0000 0000 0000 0000 0000 0000
0000 0000 0000 0000 0000 0000 0000 0000
0000 0000 0000 0000 0000 0000 0000 0000
0000 0000 0000 0000 0000 0000 0000 0000
0000 0000 0000 0000 0000 0000 0000 0000
0000 0000 0000 0000 0000 0000 0000 0000
0000 0000 0000 0000 0000 0000 0000 0000
0000 0000 0000 0000 0000 0000 0000 0000
0000 0000 0000 0000 0000 0000 0000 0000
0000 0000 0000 0000 0000 0000 0000 0000
0000 0000 0000 0000 0000 0000 0000 0000
0000 0000 0000 0000 0000 0000 0000 0000
0000 0000 0000 0000 0000 0000 0000 0000
0000 0000 0000 0000 0000 0000 0000 0000
0000 0000 0000 0000 0000 0000 0000 0000
0000 0000 0000 0000 0000 0000 0000 0000
0000 0000 0000 0000 0000 0000 0000 0000
0000 0000 0000 0000 0000 0000 0000 0000
0000 0000 0000 0000 0000 0000 0000 0000
0000 0000 0000 0000 0000 0000 0000 0000
0000 0000 0000 0000 0000 0000 0000 0000
0000 0000 0000 0000 0000 0000 0000 0000
0000 0000 0000 0000 0000 0000 0000 0000
0000 0000 0000 0000 0000 0000 0000 0000
0000 0000 0000 0000 0000 0000 0000 0000
0000 0000 0000 0000 0000 0000 0000 0000
0000 0000 0000 0000 0000 0000 0000 0000
0000 0000 0000 0000 0000 0000 0000 0000
0000 0000 0000 0000 0000 0000 0000 0000
0000 0000 0000 0000 0000 0000 0000 0000
0000 0000 0000 0000 0000 0000 0000 0000
0000 0000 0000 0000 0000 0000 0000 0000
0000 0000 0000 0000 0000 0000 0000 0000
0000 0000 0000 0000 0000 0000 0000 0000
0000 0000 0000 0000 0000 0000 0000 0000
0000 0000 0000 0000 0000 0000 0000 0000
0000 0000 0000 0000 0000 0000 0000 0000
0000 0000 0000 0000 0000 0000 0000 0000
0000 0000 0000 0000 0000 0000 0000 0000
0000 0000 0000 0000 0000 0000 0000 0000
0000 0000 0000 0000 0000 0000 0000 0000
0000 0000 0000 0000 0000 0000 0000 0000
0000 0000 0000 0000 0000 0000 0000 0000
0000 0000 0000 0000 0000 0000 0000 0000
0000 0000 0000 0000 0000 0000 0000 0000
0000 0000 0000 0000 0000 0000 0000 0000
0000 0000 0000 0000 0000 0000 0000 0000
0000 0000 0000 0000 0000 0000 0000 0000
0000 0000 0000 0000 0000 0000 0000 0000
0000 0000 0000 0000 0000 0000 0000 0000
0000 0000 0000 0000 0000 0000 0000 0000
0000 0000 0000 0000 0000 0000 0000 0000
0000 0000 0000 0000 0000 0000 0000 0000
0000 0000 0000 0000 0000 0000 0000 0000
0000 0000 0000 0000 0000 0000 0000 0000
0000 0000 0000 0000 0000 0000 0000 0000
0000 0000 0000 0000 0000 0000 0000 0000
0000 0000 0000 0000 0000 0000 0000 0000
0000 0000 0000 0000 0000 0000 0000 0000
0000 0000 0000 0000 0000 0000 0000 0000
0000 0000 0000 0000 0000 0000 0000 0000
0000 0000 0000 0000 0000 0000 0000 0000
0000 0000 0000 0000 0000 0000 0000 0001
0444 5344 4200 0000 0100 0000 0000 0000
0000 0000 0000 0000 0000 0000 0000 0000
0200 0000 2000 0000 6000 0000 0000 0000
0100 0000 8000 0000 0100 0001 0000 0000
0100 0002 0000 0000 0100 0004 0000 0000
0200 0008 0000 0028 0000 0000 0100 0030
0000 0000 0000 0000 0100 0040 0000 0000
0100 0080 0000 0000 0100 0100 0000 0000
0100 0200 0000 0000 0100 0400 0000 0000
0100 0800 0000 0000 0100 1000 0000 0000
0100 2000 0000 0000 0100 4000 0000 0000
0100 8000 0000 0000 0101 0000 0000 0000
0102 0000 0000 0000 0104 0000 0000 0000
0108 0000 0000 0000 0110 0000 0000 0000
0120 0000 0000 0000 0140 0000 0000 0000
0061 0076 0073 002e 0073 0063 0073 0073
496c 6f63 626c 6f62 0000 0010 0000 00cc
0000 01e8 ffff ffff ffff 0000 0000 000f
005f 006e 006f 0072 006d 0061 006c 0069
007a 0065 002e 0073 0063 0073 0073 496c
6f63 626c 6f62 0000 0010 0000 0152 0000
01e8 ffff ffff ffff 0000 0000 000b 005f
0070 0061 0067 0065 0072 002e 0073 0063
0073 0073 496c 6f63 626c 6f62 0000 0010
0000 01d8 0000 01e8 ffff ffff ffff 0000
0000 0010 005f 0070 0061 0067 0069 006e
0061 0074 0069 006f 006e 002e 0073 0063
0073 0073 496c 6f63 626c 6f62 0000 0010
0000 025e 0000 01e8 ffff ffff ffff 0000
0000 000c 005f 0070 0061 006e 0065 006c
0073 002e 0073 0063 0073 0073 496c 6f63
626c 6f62 0000 0010 0000 0046 0000 0258
ffff ffff ffff 0000 0000 000e 005f 0070
006f 0070 006f 0076 0065 0072 0073 002e
0073 0063 0073 0073 496c 6f63 626c 6f62
0000 0010 0000 00cc 0000 0258 ffff ffff
ffff 0000 0000 000b 005f 0070 0072 0069
006e 0074 002e 0073 0063 0073 0073 496c
6f63 626c 6f62 0000 0010 0000 0152 0000
0258 ffff ffff ffff 0000 0000 0013 005f
0070 0072 006f 0067 0072 0065 0073 0073
002d 0062 0061 0072 0073 002e 0073 0063
0073 0073 496c 6f63 626c 6f62 0000 0010
0000 01d8 0000 0258 ffff ffff ffff 0000
0000 0016 005f 0072 0065 0073 0070 006f
006e 0073 0069 0076 0065 002d 0065 006d
0062 0065 0064 002e 0073 0063 0073 0073
496c 6f63 626c 6f62 0000 0010 0000 025e
0000 0258 ffff ffff ffff 0000 0000 001a
005f 0072 0065 0073 0070 006f 006e 0073
0069 0076 0065 002d 0075 0074 0069 006c
0069 0074 0069 0065 0073 002e 0073 0063
0073 0073 496c 6f63 626c 6f62 0000 0010
0000 0046 0000 02c8 ffff ffff ffff 0000
0000 0011 005f 0073 0063 0061 0066 0066
006f 006c 0064 0069 006e 0067 002e 0073
0063 0073 0073 496c 6f63 626c 6f62 0000
0010 0000 00cc 0000 02c8 ffff ffff ffff
0000 0000 000c 005f 0074 0061 0062 006c
0065 0073 002e 0073 0063 0073 0073 496c
6f63 626c 6f62 0000 0010 0000 0152 0000
02c8 ffff ffff ffff 0000 0000 000b 005f
0074 0068 0065 006d 0065 002e 0073 0063
0073 0073 
